Idle1 0 0 140 93
Idle2 140 0 140 93
Idle3 280 0 140 93
Idle4 420 0 140 93
Idle5 560 0 140 93
Idle6 700 0 140 93
Idle7 840 0 140 93
Idle8 980 0 140 93
Walk1 0 93 140 93
Walk2 140 93 140 93
Walk3 280 93 140 93
Walk4 420 93 140 93
Walk5 560 93 140 93
Walk6 700 93 140 93
Walk7 840 93 140 93
Walk8 980 93 140 93
Attack1 980 372 140 93
Attack2 0 465 140 93
Attack3 140 465 140 93
Attack4 280 465 140 93
Attack5 420 465 140 93
Attack6 560 465 140 93
Attack7 700 465 140 93
Attack8 840 465 140 93
Attack9 980 465 140 93
Dead1 560 279 140 93
Dead2 700 279 140 93
Dead3 840 279 140 93
Dead4 980 279 140 93
Dead5 0 372 140 93
Dead6 140 372 140 93
Dead7 280 372 140 93
Dead8 420 372 140 93
Dead9 560 372 140 93
Dead10 700 372 140 93
Dead11 840 372 140 93
Storm1 0 558 140 93
Storm2 140 558 140 93
Storm3 280 558 140 93
Storm4 420 558 140 93
